90  4.5474735088646E-13
84.220032009657  0.53886393112725
81.812497502347  1.0777278622538
79.955842285963  1.6165917933806
78.382709025433  2.1554557245074
76.989695188034  2.694319655634
75.723839787058  3.2331835867608
74.553718403967  3.7720475178876
73.458877159683  4.3109114490142
72.425120930583  4.849775380141
71.442121390739  5.3886393112678
70.502085317162  5.9275032423943
69.59895984927  6.4663671735211
68.727931701891  7.0052311046479
67.88509748316  7.5440950357745
67.067238684033  8.0829589669013
66.271663388776  8.6218228980281
65.496092015238  9.1606868291547
64.738572984027  9.6995507602815
63.997419259331  10.238414691408
63.27115977437  10.777278622535
62.55850168319  11.316142553662
61.858300626068  11.855006484788
61.169537020096  12.393870415915
60.491296944072  12.932734347042
59.822756571443  13.471598278169
59.16316937506  14.010462209295
58.511855520192  14.549326140422
57.868193001726  15.088190071549
57.231610183855  15.627054002676
56.601579476568  16.165917933802
55.977611940432  16.704781864929
55.35925265448  17.243645796056
54.746076715322  17.782509727182
54.137685761288  18.321373658309
53.533704935494  18.860237589436
52.933780217468  19.399101520562
52.337576065501  19.937965451689
51.744773321775  20.476829382816
51.155067340332  21.015693313943
50.56816630436  21.554557245069
49.983789704438  22.093421176196
49.401666953659  22.632285107323
48.821536118905  23.17114903845
48.243142750444  23.710012969576
47.666238794203  24.248876900703
47.090581573028  24.78774083183
46.515932824652  25.326604762957
45.942057785374  25.865468694083
45.368724309337  26.40433262521
44.795702014063  26.943196556337
44.222761443386  27.482060487464
43.649673239311  28.02092441859
43.076207314452  28.559788349717
42.502132016753  29.098652280844
41.927213278011  29.63751621197
41.351213737413  30.176380143097
40.773891830773  30.715244074224
40.19500083548  31.25410800535
39.614287860219  31.792971936477
39.031492767359  32.331835867604
38.446347014433  32.870699798731
37.858572399295  33.409563729857
37.267879691318  33.948427660984
36.673967128218  34.487291592111
36.076518754724  35.026155523238
35.475202575151  35.565019454364
34.869668486827  36.103883385491
34.259545955005  36.642747316618
33.644441382033  37.181611247745
33.02393511376  37.720475178871
32.397578013879  38.259339109998
31.764887521356  38.798203041125
31.125343086322  39.337066972251
30.478380854495  39.875930903378
29.823387437396  40.414794834505
29.159692562921  40.953658765632
28.486560344522  41.492522696758
27.80317883233  42.031386627885
27.108647408713  42.570250559012
26.401961453288  43.109114490139
25.681993512592  43.647978421265
24.947469943507  44.186842352392
24.196941620545  44.725706283519
23.4287467477  45.264570214645
22.640963003221  45.803434145772
21.831345018271  46.342298076899
20.997241289656  46.881162008026
20.135481601123  47.420025939152
19.242221057062  47.958889870279
18.312718366324  48.497753801406
17.341010974597  49.036617732532
16.31942157159  49.575481663659
15.237774895526  50.114345594786
14.082085331376  50.653209525913
12.83219951136  51.192073457039
11.457152414136  51.730937388166
9.9047531231351  52.269801319293
8.0730938381184  52.80866525042
5.6986570947646  53.347529181546
0  53.886393112673



